5
2
1
2 3
3
-2
-2 -2
-2 -2 -2
3
5
-2 3
0 -7 1
63
23
-28 90
7 -67 1
47 88 26 -100
47 -27 11 -74 -44
-52 -97 -20 25 -71 68
-85 -94 93 19 -55 -77 37
62 46 5 -21 73 64 52 100
49 25 65 94 59 54 -73 -6 86
-52 -5 -44 -93 72 -22 98 46 80 45
-73 40 99 61 -10 -44 99 -64 0 93 -71
93 -52 -17 -84 -62 -44 88 91 -62 77 68 -59
36 -16 -80 -20 56 -90 -40 -71 70 -82 -35 -64 9
-5 89 56 -45 -71 -48 -46 -41 41 39 68 -65 -68 91
61 -28 -38 63 50 43 17 -38 -33 8 27 98 -100 -12 54
81 4 99 24 79 -1 68 -64 -42 36 75 70 34 -70 -94 -41
-23 48 95 88 28 90 67 -68 -29 -41 -52 -51 -71 36 23 -35 -36
71 70 -18 82 -41 26 -95 -66 -83 -83 -70 90 -38 7 -15 30 97 -78
67 -94 52 -36 0 70 63 74 -53 21 42 -41 -29 -24 54 -66 -44 2 62
58 93 -36 80 -40 8 -63 62 46 97 -27 -77 12 84 87 99 -18 -98 96 -68
-59 69 32 -83 -13 -29 -73 -66 -81 78 92 -9 -35 29 52 -46 24 -18 84 -56 -73
93 90 21 6 -16 54 6 20 12 95 85 78 32 15 -2 91 -21 27 -39 -100 63 -62
59 -32 45 -79 43 35 88 68 -62 -12 67 44 -70 -98 97 9 92 9 15 13 66 74 20
-40 -80 9 -42 -78 6 88 -12 -95 -59 51 -61 -26 -64 -22 44 1 48 -95 -59 40 -11 -95 -50
-62 100 99 19 -28 51 -1 56 -26 -22 18 -72 -10 93 -63 20 -78 8 44 -60 -25 26 25 -26 -2
20 -11 85 -50 49 56 -42 37 47 34 20 -25 33 -9 -71 61 82 -13 74 15 -49 53 37 -64 -85 -53
-3 28 40 -76 -33 -58 39 7 -79 -21 62 -47 -66 -23 -99 -3 47 84 -72 -37 -33 52 -60 27 100 -27 -63
-73 -75 -76 77 -42 -82 93 94 -92 -68 73 -34 -24 34 19 50 -10 -45 -38 -53 -11 -16 97 -79 18 -82 -7 18
-60 1 58 -5 -57 -14 14 -49 62 -87 79 42 4 -4 30 13 -76 -46 95 -55 -72 -71 87 -61 -100 50 -40 -99 28
77 -69 93 -73 -94 -16 40 -82 -49 -92 -53 -54 40 1 47 42 -95 -34 -26 88 -52 50 -94 0 -24 -29 -54 -89 -13 58
63 16 65 4 95 -6 -23 -86 -54 -87 73 -76 52 12 -11 88 -74 67 -80 -15 61 7 -38 79 -82 44 -26 -44 -19 43 -11
53 -21 57 52 -66 28 33 76 -8 -16 39 68 -39 -70 67 -67 70 37 -65 -69 -12 -36 -40 -21 -61 98 87 33 -25 81 -42 67
-11 -52 -30 -89 -24 -22 -31 -46 -57 -51 49 86 16 -35 22 75 53 99 -27 -15 64 -93 74 50 -66 40 -50 -95 -8 -77 29 -56 -60
15 -1 -54 49 -89 -75 75 -79 -47 51 56 35 -80 58 54 66 -39 80 -29 23 19 -55 99 -41 61 -97 -35 -23 -35 50 52 -5 73 -33
96 92 85 87 30 76 -39 55 -63 -69 -96 23 -45 -21 -48 95 36 -80 -1 -58 -66 -2 -48 -42 -99 -48 68 -68 -84 9 10 -20 -40 -2 80
-73 -15 -88 -69 -18 -91 -7 79 74 16 50 -42 16 72 -43 80 5 -19 -7 -60 79 73 63 60 -59 3 -45 45 84 -75 -79 -53 91 10 73 6
-75 -35 -55 -61 -67 28 -34 57 -23 46 50 86 -9 94 -18 -72 -4 -100 -27 -58 -46 -99 -2 42 -32 -97 60 55 -83 -31 53 27 -65 97 -50 -67 8
74 68 -79 -70 47 82 -82 -21 -29 80 -88 -23 25 100 63 83 -33 9 89 47 24 30 -79 19 -69 -2 -64 74 -69 16 76 47 -100 38 23 -84 21 -23
19 99 -33 45 85 98 10 49 54 -56 90 -70 -20 81 16 -19 57 -81 -2 -97 34 -11 84 29 37 2 -46 -34 -69 -34 -28 -98 -85 19 -61 -44 -35 -67 -4
-63 52 -6 -31 92 -23 -66 -62 21 48 11 18 43 -78 -11 51 -17 -17 -17 -81 -86 -98 64 11 72 18 13 59 -86 32 -8 76 -83 67 -21 -98 -67 75 -2 -89
-38 16 57 74 -85 -2 91 -96 -54 -34 51 -90 -30 13 26 -83 -74 2 39 -15 73 40 -92 63 39 45 34 -33 56 -1 66 78 4 -82 94 68 9 93 45 -90 49
73 54 99 -28 -69 73 36 -18 -2 43 -22 -38 80 15 89 -73 39 -78 92 55 -21 2 -38 -21 -27 16 42 43 -61 74 47 6 -24 -20 6 100 81 2 43 -26 -10 -43
-72 -84 82 27 -95 78 3 -15 -28 -47 19 -15 26 -40 -40 91 -91 -39 68 9 54 21 63 67 60 65 -90 -63 -56 17 99 -97 73 93 61 33 94 -59 57 87 96 -40 -83
-56 -94 53 -88 89 96 -49 -12 68 -93 -18 -82 -77 -40 -81 -68 61 -19 100 98 -76 -20 15 -57 92 -97 -31 64 -58 44 -38 -63 93 -35 -25 -32 -63 64 -4 -79 96 -87 45 -76
-69 17 66 -74 57 -43 9 29 34 10 32 -34 83 19 -2 21 -58 -11 -13 52 42 26 28 24 96 59 -22 74 -46 99 86 45 92 27 28 48 -100 -3 -17 60 -65 37 69 -75 60
35 41 -75 25 87 82 93 -68 -7 86 -7 15 -14 -64 -77 23 -12 -40 -69 -14 10 -77 -56 -48 -42 69 -30 6 49 88 19 55 35 59 -19 -33 -44 -8 -11 -46 18 60 -98 68 71 -19
63 -76 -73 -90 -100 32 65 51 60 72 -47 32 -62 48 -1 -46 -3 -57 36 75 26 -45 33 32 -66 -61 9 14 -68 -25 4 -84 -80 -59 14 -47 -28 86 35 -61 -56 -29 35 -50 -83 -39 32
-49 -97 35 60 61 62 75 63 71 18 60 15 -34 -33 -29 -44 81 32 58 36 -43 65 -39 -94 68 88 6 -10 41 97 73 -61 -82 -96 -29 -83 -36 -2 44 3 90 -6 14 0 33 -59 -34 87
18 77 93 -94 -59 2 -40 -20 71 -48 -51 -66 3 19 -64 -94 76 13 55 94 -6 33 53 24 18 -87 26 8 -79 77 6 3 -20 -74 -85 35 91 98 88 9 -19 -5 44 -100 75 -49 -19 59 27
-84 -89 27 -79 53 -45 90 -84 -90 -64 65 -17 -19 -48 85 21 42 -76 -52 56 -27 90 -84 -86 -9 0 -7 68 79 -34 24 -81 -57 -70 -7 -62 -23 60 88 -97 85 -16 -39 74 24 33 -10 -59 93 -40
84 69 43 62 -50 99 -59 -55 6 71 63 10 63 -34 -16 18 89 60 -41 -33 96 -41 -48 -86 -8 -62 -43 -84 48 -98 90 59 47 53 -58 9 -26 54 -84 -89 42 -100 59 -50 6 -6 -9 -79 -11 -79 38
7 -57 45 -64 -19 -32 -59 -73 -93 85 81 -79 58 -86 -42 -78 -16 88 16 41 -90 -6 -41 -96 -24 -27 40 42 30 46 36 -37 92 52 -65 -34 62 -21 88 -33 -72 -34 100 32 -63 -90 -95 13 83 -19 55 -100
-87 -56 32 83 45 -21 -77 69 -92 74 -91 75 -42 66 14 30 6 15 26 -61 93 -1 -39 -63 -10 74 -95 -100 -23 15 -59 43 -40 17 -50 70 -16 80 87 72 -61 -63 78 17 -68 -78 77 -26 93 -73 -17 -38 -89
16 -44 31 -24 -97 55 99 90 -74 -7 -80 38 -6 -45 5 77 -54 7 -10 -39 69 18 41 -34 96 59 -70 33 7 82 21 -27 -41 -81 -92 -7 56 1 64 85 4 -3 92 39 -65 89 -46 -57 24 -85 -71 -6 -3 33
-11 -14 64 -62 -30 -94 -9 39 29 17 78 -32 -30 26 -61 -1 -93 97 6 -77 -40 -28 -31 -47 60 28 -37 20 -42 43 -88 43 38 -99 -12 -1 90 6 -62 92 -66 55 -62 -55 36 100 90 4 27 -24 -4 -11 93 -47 71
-13 81 -58 -6 -42 -32 9 13 32 -24 -39 20 -97 56 78 23 36 -76 49 -50 62 -22 -51 48 -100 -63 -57 10 18 90 39 -50 67 -89 -65 80 -90 -94 84 -15 -7 73 42 63 -71 76 76 72 -68 10 -53 31 -57 53 -37 29
50 13 -59 -32 68 -54 90 74 -5 -8 87 87 -27 88 -93 -3 60 -44 10 35 -24 -18 0 38 44 -37 6 -37 37 -37 -45 10 2 -36 -84 -7 -88 66 65 45 44 27 0 20 -7 -54 99 3 100 -54 58 -78 19 -75 8 -31 56
8 87 -91 40 -75 30 9 -20 -19 40 -22 -8 -84 98 -35 -38 -72 17 2 97 88 87 -36 1 95 -21 1 87 -58 39 21 52 -47 60 91 -49 64 -45 -38 58 50 48 -84 -71 59 61 28 49 9 -13 -19 29 -71 65 -8 44 29 76
60 12 75 -45 -25 58 63 -21 31 -31 69 94 -13 -22 79 -44 -100 -82 74 97 -55 32 -68 -88 -20 -18 83 75 86 16 34 -91 92 59 -7 48 -36 -16 3 11 -64 -65 -42 66 -63 96 2 21 48 17 98 41 -59 11 17 17 28 -34 47
-12 -54 60 -45 17 37 42 5 23 24 47 -52 -12 -70 35 35 45 -65 4 6 -48 31 34 45 81 39 -79 -48 94 93 -57 82 -41 -1 13 97 21 -3 60 -43 -16 -14 50 38 76 12 99 51 -41 -51 -99 -62 -42 66 41 -20 89 -26 30 -77
-14 31 91 -92 -41 2 -69 36 -57 -36 68 77 81 52 50 8 9 -16 -97 -53 -7 100 6 -10 -42 -54 58 -57 40 98 48 73 -24 60 -13 -89 -71 16 4 -23 -36 85 -75 43 82 76 -61 8 66 56 -3 -32 36 91 64 -74 45 63 -13 -3 -30
94 -27 -37 72 42 -49 -17 -92 18 57 83 -57 -58 -67 50 16 -13 -58 76 -88 97 -51 58 87 42 -74 -47 -69 74 -84 -51 -55 3 -73 15 -3 -10 -29 -17 18 50 -36 27 39 -43 100 43 24 75 -97 -11 20 -24 -43 36 9 43 70 12 9 -36 -89
29 -36 -9 9 64 3 -19 77 -51 -65 79 -65 -21 -62 -24 -1 -64 54 -8 -26 72 -62 -36 -67 -90 38 -98 79 51 69 87 -91 -61 -41 28 82 15 -29 -2 92 53 -82 70 67 -23 50 44 84 13 -32 -87 62 80 100 -83 14 61 -11 14 -31 -39 29 64
63
79
54 56
-47 -66 -16
42 16 81 56
8 -55 2 -45 80
24 57 63 77 77 2
-15 -17 -69 84 -17 -22 -47
-32 -34 -78 28 -8 -73 -13 75
-62 -20 -65 -71 -89 9 -41 14 76
71 -22 23 74 -99 -87 -76 -77 41 97
74 65 16 -64 6 -92 -72 73 -70 -47 1
-46 5 -80 -47 52 13 -62 -18 39 -69 74 -49
56 65 -44 -75 28 63 6 6 5 -75 -8 -67 13
-5 95 -57 39 13 45 -67 -15 45 -9 -31 -25 -7 -62
-61 -29 84 -35 -50 86 -95 86 55 -25 -77 -26 -22 -1 49
92 97 62 -100 19 38 -16 25 32 -29 33 24 73 21 7 -32
-66 -70 -62 20 -50 99 90 -33 19 7 -64 -49 99 43 -32 79 68
23 4 -58 -75 29 -67 -52 29 -24 -40 -81 81 -22 -57 -21 -27 25 -75
-3 -28 94 -47 3 85 -59 63 70 66 -60 -90 78 -93 70 -17 59 45 -56
-90 21 -97 -28 67 -75 84 95 -89 -71 93 -78 20 69 -68 -54 67 20 53 -31
5 -1 -52 -7 -55 23 15 100 -55 12 -24 -81 25 -86 3 -7 -40 55 2 5 -41
78 19 81 84 89 -41 -98 77 -89 56 65 80 74 51 90 -26 87 7 8 -99 80 19
10 3 -11 86 29 59 -41 44 -32 -91 -13 -13 -95 15 71 30 -42 -21 55 65 -67 40 55
98 -42 62 -23 86 46 77 -32 -89 8 -12 28 90 26 22 62 80 29 -84 -48 -76 -74 55 -35
-86 -50 -95 -78 -98 -77 43 57 -35 -99 1 44 94 -44 -97 62 -35 40 -74 -45 59 93 36 8 56
79 -8 -63 -45 37 -32 -82 -82 -9 76 -20 -42 52 65 26 0 34 42 -88 -57 -97 17 -96 -61 -37 -52
-29 -66 74 -36 73 34 14 -30 62 -75 2 73 92 93 41 86 -69 12 -61 -47 -34 61 24 -25 -32 14 97
-11 -89 -24 24 -23 16 63 -81 -44 -40 -62 -80 -39 5 -15 4 28 -17 33 58 -20 -59 20 27 -15 -62 -56 -6
50 -14 -92 -12 -9 -59 8 10 -98 -74 -78 73 60 -12 71 -44 -82 -24 -90 57 4 49 36 -94 -93 13 -96 -16 -8
-69 -18 -32 9 -83 -13 69 28 98 -46 -65 61 7 -52 -92 -3 -95 60 -7 66 -85 5 72 38 -40 -19 -46 53 47 -55
-24 23 99 96 -1 8 -43 -1 -58 60 -30 34 -44 -96 -86 -67 63 32 26 76 61 52 -87 -40 92 72 49 -68 80 68 -29
66 -51 -79 92 -35 79 37 26 0 4 -67 76 -60 71 83 -11 49 57 93 41 99 -28 -3 -53 15 -8 41 -49 98 71 46 25
17 -69 -66 -41 87 -24 64 86 1 41 18 46 -84 -60 2 7 11 -2 -79 24 22 87 -96 -27 -14 -4 41 -85 -71 -58 98 -17 -85
99 -23 -32 46 -56 50 14 -90 76 -45 9 -64 -91 -99 -54 -60 -74 91 -100 -84 -24 41 -67 -69 -4 87 84 77 -61 -67 -26 91 73 -98
37 -54 -89 45 -36 -20 -12 -73 45 -4 42 13 69 17 4 64 99 -96 -7 -72 -26 24 -57 -99 65 9 58 42 -22 -22 -24 -36 -17 -66 37
-67 79 -62 12 63 -16 -46 -19 -40 74 88 -73 22 -70 -54 -86 -15 -46 20 -31 -14 -32 15 -91 -64 -27 38 -99 -13 43 84 75 84 47 44 -63
83 9 52 35 -85 85 79 -47 -46 22 21 76 3 50 81 -7 -59 9 70 31 49 -77 -51 -10 95 -44 -68 18 73 -68 -84 88 18 -21 -92 4 5
-65 -87 99 -52 55 -93 21 85 44 7 -47 18 -39 -73 27 26 10 -20 -60 6 40 -26 68 -43 27 46 86 65 67 46 -56 93 -68 -54 51 49 -25 87
28 50 33 -25 53 51 -96 -24 78 -93 -6 1 65 13 75 35 -74 -91 -89 -60 87 95 21 -33 -33 -37 65 40 39 -83 10 -73 -1 -80 -10 58 34 10 -5
-34 -60 35 61 1 43 31 -96 -74 68 79 -1 -24 25 -85 -41 80 -20 42 15 -88 -40 -19 -75 -61 97 -100 3 -50 -41 20 -67 -70 -61 21 -60 52 95 100 96
-52 -99 8 16 79 -65 31 76 56 80 -45 21 33 22 15 -48 -21 2 45 100 -27 -61 58 -2 94 45 -88 70 82 10 17 -62 69 -21 -26 78 -64 -88 -96 -66 62
-46 -40 86 22 99 67 63 -17 75 -95 -91 -69 -40 -19 -97 -30 -49 -56 57 48 93 -41 -21 89 54 67 82 -43 -88 -11 -89 13 -8 97 2 -64 -55 -10 -66 95 -30 14
50 -16 -3 -70 7 -88 -86 4 -62 -95 -7 18 -85 -35 -13 -25 -93 20 22 -40 -15 93 70 -60 -49 83 84 30 -46 89 -70 63 84 96 -9 34 -68 -4 38 -87 -37 -43 84
13 -8 -18 48 92 -85 -35 17 74 40 -52 88 40 7 -52 -14 94 -52 -26 8 56 -66 -60 -29 -32 -83 21 33 -28 48 -93 92 72 19 -84 -48 35 60 -72 8 40 55 99 66
53 18 -7 -20 0 41 -79 -69 99 29 54 -76 -94 92 57 66 28 41 81 79 95 -46 -34 -36 -63 -9 34 86 -21 -70 -3 9 -46 63 27 -48 54 91 -43 97 -22 0 -74 -28 61
81 11 61 9 15 -55 -39 18 65 -19 5 13 -21 -54 39 -100 -96 -9 -91 -44 64 90 20 40 -62 40 32 18 75 54 19 49 31 5 91 -35 35 89 88 -96 -41 63 31 -36 59 78
62 20 -73 99 3 90 -35 38 -94 -25 -10 -47 2 -55 -32 86 10 -71 -14 12 79 -70 -36 47 -10 66 -41 -50 -12 -13 48 -90 65 97 -68 -16 27 14 81 79 -95 -61 0 72 14 -81 100
91 -30 -86 -18 -78 -73 56 28 -41 -58 -98 -30 -100 93 24 -9 76 -24 70 40 -74 -75 -28 68 79 -28 -43 2 -26 50 73 46 56 6 73 42 51 -64 31 27 58 76 -51 91 -44 61 39 -1
-49 -2 -59 -15 46 -90 64 78 67 -65 93 -60 -89 42 38 -15 21 100 34 -42 94 6 41 67 49 -23 97 62 82 27 92 82 -32 100 -28 -39 20 -13 -83 2 49 -35 5 90 96 -81 -42 -23 -23
-50 90 86 -42 40 49 -81 55 -33 98 20 -29 58 11 -90 -88 51 -61 -25 85 -69 80 -49 23 93 -37 -64 75 34 40 7 50 3 15 32 100 75 -62 -61 64 32 -4 96 67 -28 -62 79 22 -20 -24
-42 93 -71 -68 6 16 18 -56 -12 -62 -42 19 -83 -38 -35 -87 -37 -33 39 -43 65 -1 40 92 41 21 -40 -4 -60 18 45 30 -81 -51 -63 49 -18 -42 31 -62 26 -75 -79 -46 95 76 -27 -50 44 -75 -88
-55 -34 55 91 -75 60 -90 -29 72 -40 -26 66 34 -9 5 3 -73 54 -1 -82 2 64 90 -83 0 83 -42 -77 -69 -22 -82 -5 49 -31 1 -32 8 33 56 90 -72 -98 91 -61 78 37 61 -96 -100 -43 -25 -61
-82 67 93 18 79 -19 -94 7 15 76 -51 -59 -10 -55 -89 -60 46 53 -86 76 -62 -80 -51 63 -31 36 21 70 62 -75 -33 -1 -50 -42 56 98 -22 -28 72 -61 -29 11 57 68 72 1 3 27 -51 -69 -42 -73 78
74 15 64 46 -25 7 53 68 71 -82 -51 -93 100 -36 -13 11 82 69 -73 2 17 -5 9 -56 86 -93 8 48 -64 94 -71 50 36 66 -23 13 43 78 -93 -96 -11 79 -85 17 95 13 -19 20 -48 64 17 25 -18 -30
-42 -28 59 -12 -90 -59 -70 -51 -32 -24 50 42 -38 93 16 86 6 51 -58 -20 -55 0 59 -67 2 78 76 30 -22 6 65 -46 -89 27 -79 -11 57 -100 -3 -88 82 5 -35 23 83 -18 -43 -68 57 -14 -71 80 20 18 -75
12 79 -69 14 -95 53 -67 12 -52 100 -82 61 49 92 -75 -79 15 22 -6 -9 -69 61 -43 32 -58 42 -50 87 -35 -16 -95 -69 62 23 -74 90 -100 60 27 33 38 -86 -16 -46 -4 72 -44 15 50 66 39 90 -83 7 -38 -73
-8 -1 42 87 -31 -44 24 10 -67 -93 -96 77 56 14 8 -28 -65 -71 -69 -11 -76 -37 -75 98 49 -57 -65 -33 68 64 3 81 49 -78 11 66 100 -53 50 72 -41 32 -91 83 -20 -44 -2 -3 -18 62 1 13 97 23 43 11 30
33 18 -14 34 99 -30 -43 66 34 92 78 -63 -22 -92 -92 -54 87 -5 -85 22 -4 -82 46 -68 4 -7 -62 -25 -26 -77 80 -79 -28 99 -32 -71 100 29 5 -87 65 56 11 -62 67 -25 -49 -21 -62 42 -36 -62 18 -85 64 -26 34 -82
60 32 41 6 30 -47 -44 -40 -1 53 -18 40 8 -27 -96 -4 -86 43 4 -58 71 -31 -63 74 -89 -76 -24 -19 -88 26 5 -58 9 9 59 -56 -78 -84 71 87 -99 -22 -33 58 -92 -1 -55 1 5 -60 -45 89 -1 24 -35 -63 38 -21 -23
-3 -12 2 49 93 50 71 21 38 88 -71 -28 54 -2 57 -25 -44 12 -84 -69 11 3 91 -73 85 -79 -45 -33 87 100 -21 -83 33 52 12 -25 -46 18 63 82 97 73 88 -77 40 -52 25 -92 -78 39 54 32 -56 -93 54 -43 75 -65 -24 -44
74 -66 28 -86 55 -100 53 58 52 6 -56 65 -98 -61 -64 94 -92 5 -40 80 -35 79 -51 5 25 -41 -61 75 -54 50 40 45 -85 -84 29 49 58 -93 82 38 14 -52 -46 -31 24 -92 -64 -29 -21 32 -14 95 91 62 1 1 96 -74 43 40 63
70 99 64 -56 92 -95 59 -49 99 59 84 -58 -20 -89 -93 84 -27 65 -26 -46 12 -35 8 59 -81 16 -61 -86 -17 12 35 -8 15 -7 39 94 81 -34 42 0 11 52 54 99 -48 61 -20 -89 5 37 -66 -11 36 33 -11 -5 74 -93 42 -31 -67 65
-2 -66 -75 -99 39 -2 25 -74 29 -27 50 -69 -100 -21 81 68 100 -57 18 14 -4 68 -65 -15 -14 67 22 -53 18 12 -40 56 -46 -80 51 26 6 -69 -88 95 87 39 17 38 -54 36 8 3 -16 62 -88 28 -85 59 29 12 43 77 -65 -37 -13 11 88